13
5
4 2 4 3 3 5 6 -1
2 4 4 -1
1 3 2 -1
3 1 2 4 3 -1
5 4 6 -1
..ans 11
5
1 3 2 -1
2 4 4 -1
3 1 2 4 3 -1
4 2 4 3 3 5 6 -1
5 4 6 -1
..ans 11
7
1 2 1 3 1 4 1 5 1 -1
2 1 1 6 5 7 5 -1
3 1 1 -1
4 1 1 -1
5 1 1 -1
6 2 5 -1
7 2 5 -1
..ans 10
7
7 2 5 -1
1 2 1 3 1 4 1 5 1 -1
3 1 1 -1
5 1 1 -1
2 1 1 6 5 7 5 -1
4 1 1 -1
6 2 5 -1
..ans 10
2
1 2 1 -1
2 1 1 -1
..ans 1
12
1 2 1 3 1 -1
2 1 1 4 3 5 5 -1
3 1 1 6 1 -1
4 7 2 2 3 -1
5 2 5 8 4 9 2 -1
6 3 1 10 1 11 1 -1
7 4 2 -1
8 5 4 12 5 -1
9 5 2 -1
10 6 1 -1
11 6 1 -1
12 8 5 -1
..ans 19
5
5 4 6 -1
1 3 2 -1
2 4 4 -1
3 1 2 4 3 -1
4 2 4 3 3 5 6 -1
..ans 11
4
1 2 5 3 9 -1
2 1 5 -1
3 1 9 4 8 -1
4 3 8 -1
..ans 22
6
1 2 3 -1
2 1 3 5 3 3 5 -1
3 2 5 4 7 -1
4 3 7 -1
5 2 3 6 5 -1
6 5 5 -1
..ans 20
4
1 2 7 3 2 -1
2 1 7 -1
3 1 2 4 3 -1
4 3 3 -1
..ans 12
5
1 2 7 3 2 5 10 -1
2 1 7 -1
3 1 2 4 3 -1
4 3 3 -1
5 1 10 -1
..ans 17
5
1 5 1 -1
5 1 1 4 10 -1
4 3 10 5 10 -1
3 2 10 4 10 -1
2 3 10 -1
..ans 31
5
5 4 6 -1
1 3 2 -1
2 4 4 -1
3 1 2 4 3 -1
4 2 4 3 3 5 6 -1
..ans 11